Level 1: 250 seeds
3110, 9556, 9126, 3419, 1806, 3681, 1556, 5548, 1189, 661, 1205, 1986, 9946, 5649, 2322, 7614, 8366, 6029, 5825, 9056, 7882, 4289, 8836, 7654, 5864, 4119, 6475, 23, 2742, 7221, 6165, 2188, 6660, 9245, 2878, 2236, 7887, 1622, 4879, 5750, 1339, 5464, 8766, 4834, 2763, 6034, 7991, 1993, 3044, 2284, 9860, 7626, 3457, 1081, 2534, 1891, 1143, 7904, 1117, 2689, 7550, 2477, 103, 3478, 9624, 6364, 8001, 7704, 7743, 4121, 4130, 1858, 8922, 9869, 2619, 5793, 4714, 9030, 9412, 760, 6483, 7735, 9032, 4524, 1885, 2929, 2483, 3593, 4060, 5547, 2248, 8615, 8538, 3084, 1750, 2876, 2871, 5096, 114, 5762, 4917, 8668, 3463, 1411, 7920, 4160, 9527, 1480, 8235, 6543, 2757, 4065, 1944, 9014, 9230, 3977, 5801, 535, 1086, 7002, 8703, 8730, 7071, 9213, 5761, 2817, 9566, 8342, 4283, 5795, 5669, 3924, 2986, 6406, 7908, 7347, 5534, 5782, 4971, 2780, 243, 2990, 3299, 1145, 7477, 6422, 5991, 5070, 5672, 970, 4228, 4498, 7424, 6515, 4020, 9089, 3488, 5876, 4820, 715, 6839, 9487, 1789, 1289, 3339, 1178, 10, 8477, 3675, 5089, 8472, 4643, 4064, 8631, 9746, 5659, 2292, 6450, 5450, 674, 5515, 1498, 2519, 8465, 4230, 1699, 3547, 4724, 3826, 4102, 3065, 6691, 5321, 9523, 4482, 1378, 8889, 1162, 2073, 7584, 7286, 8625, 2586, 3101, 245, 690, 3998, 9928, 5999, 9336, 8402, 1782, 9820, 7627, 5113, 3170, 9380, 78, 7938, 3228, 4476, 9726, 8509, 1529, 6338, 874, 9710, 5935, 2616, 6594, 6473, 2824, 7961, 4120, 994, 8716, 6934, 7982, 5590, 4090, 8119, 7671, 1057, 2247, 9644, 4575, 9001, 3000, 3113, 1693

Level 2: 250 seeds
8554, 7404, 4216, 3601, 236, 1854, 5675, 37, 4653, 6065, 6048, 6218, 9623, 9861, 2805, 4686, 8870, 2784, 3525, 2429, 5062, 7689, 9612, 7085, 5767, 5157, 1290, 3181, 6269, 227, 2624, 1836, 4264, 347, 6494, 5633, 9389, 8806, 815, 9833, 7609, 1107, 8320, 7732, 719, 9639, 7512, 7492, 2006, 1273, 3967, 9199, 5340, 7323, 5911, 3805, 9397, 9094, 6762, 2827, 1877, 5855, 5001, 7376, 3061, 5345, 737, 4614, 9306, 4276, 6548, 669, 1100, 7757, 4047, 4775, 9695, 3348, 2094, 8874, 6781, 3603, 8457, 6445, 1050, 1708, 5417, 3995, 1894, 2813, 5172, 3955, 8796, 2470, 4169, 7261, 5614, 3895, 2502, 4553, 1879, 1791, 4040, 3905, 4319, 4439, 2422, 3369, 6982, 6820, 8547, 3595, 136, 1263, 1982, 1751, 267, 5291, 4477, 6664, 4018, 6352, 8717, 2688, 8245, 5261, 5570, 8957, 2880, 8083, 1534, 3974, 1682, 6205, 6194, 9256, 9179, 9727, 9394, 7174, 7934, 3776, 4876, 784, 912, 5370, 1216, 3146, 7787, 8391, 6924, 527, 2165, 8104, 2407, 8438, 1752, 7370, 5528, 7045, 4453, 7838, 5765, 6766, 4967, 3219, 2104, 5517, 9276, 6066, 3873, 636, 2026, 709, 8869, 7988, 7417, 808, 3793, 1723, 9404, 5965, 7726, 2747, 3274, 6680, 8750, 2708, 4225, 5416, 4211, 2695, 4590, 4500, 8055, 4846, 5037, 955, 4082, 2879, 718, 9847, 3802, 4254, 3495, 5827, 3455, 402, 7428, 6093, 2676, 7034, 4700, 1275, 6803, 764, 5732, 4528, 3626, 9284, 5884, 3470, 7123, 8500, 8723, 1163, 4113, 133, 5176, 3454, 426, 6006, 2249, 8268, 4531, 2505, 879, 5212, 1353, 4229, 1096, 3726, 3127, 3598, 3653, 7949, 8888, 29, 7354, 7886

Level 3: 200 seeds
4066, 4049, 9940, 2654, 8065, 2881, 9559, 6234, 4812, 5985, 7773, 9406, 3283, 5092, 7400, 9383, 2772, 3728, 5219, 5707, 9855, 460, 1249, 3290, 6732, 6073, 1105, 1103, 3097, 2105, 5369, 9610, 8393, 4894, 4538, 300, 1947, 9548, 656, 3265, 4754, 3694, 2016, 5952, 2037, 3969, 9387, 1421, 4245, 854, 1520, 3599, 5098, 3800, 5671, 7917, 5152, 5484, 6027, 1720, 7738, 9320, 9413, 2680, 4306, 7529, 8992, 3141, 6159, 7158, 5698, 2287, 6328, 812, 4891, 5000, 7697, 180, 382, 9895, 5191, 7172, 335, 5083, 1876, 1401, 2601, 5630, 6270, 6512, 8231, 9036, 4396, 2083, 8789, 9652, 1678, 4704, 5817, 3701, 7781, 9437, 682, 9356, 4725, 5139, 6372, 5700, 7696, 9742, 4377, 5230, 4369, 8447, 2328, 6478, 4492, 8417, 5430, 6230, 3788, 1769, 7334, 6625, 5236, 3062, 1129, 4239, 2548, 2988, 9859, 4086, 3430, 5179, 48, 3060, 2755, 7746, 3295, 7894, 1414, 7215, 4829, 3297, 9176, 5507, 624, 4906, 1221, 2318, 1139, 2636, 9217, 6295, 3890, 7528, 7381, 903, 6634, 7076, 9483, 378, 6189, 5140, 4932, 2547, 9077, 4433, 6211, 8644, 3710, 1521, 5272, 2994, 3109, 4418, 9792, 6331, 8130, 8091, 9147, 5204, 2696, 7783, 8501, 4440, 5380, 4075, 1871, 9458, 4499, 9180, 4392, 6826, 4022, 1155, 2342, 7994, 859, 4190

Level 4: 142 seeds
539, 6008, 671, 6824, 5875, 8096, 8352, 9456, 1553, 7628, 1246, 1992, 3957, 5844, 3941, 4452, 8524, 5393, 1212, 339, 3498, 2635, 5652, 9678, 1442, 3320, 3754, 7368, 1488, 8670, 6256, 5945, 6545, 8653, 7792, 2301, 7430, 9549, 4831, 7885, 7811, 6122, 152, 6837, 6525, 3275, 6474, 8834, 2861, 2033, 2791, 6455, 2715, 8283, 3531, 1609, 1082, 3639, 3538, 657, 9459, 1696, 7020, 9331, 4638, 8739, 1267, 359, 7790, 3678, 2164, 8423, 7274, 1161, 3266, 2904, 9692, 9963, 7636, 2798, 52, 5238, 2414, 6076, 9700, 9778, 7927, 8820, 6126, 5228, 2346, 3612, 5410, 1383, 150, 6496, 385, 5892, 1790, 8608, 8520, 1405, 7650, 3756, 9255, 4980, 6135, 3129, 6816, 3122, 5120, 3125, 9661, 4233, 3767, 3165, 3490, 1878, 1200, 3748, 3956, 5499, 9628, 9009, 51, 168, 951, 5847, 179, 5284, 2235, 4110, 7312, 5523, 4925, 461, 2923, 1860, 6433, 6154, 381, 2132

Level 5: 80 seeds
1742, 4417, 7111, 5048, 3557, 8942, 3889, 797, 5979, 3308, 5422, 4318, 8504, 8781, 9079, 3245, 9749, 5608, 1148, 1021, 5285, 6814, 4196, 7936, 9169, 8926, 234, 7249, 9244, 7911, 8980, 8822, 5685, 2379, 6915, 3515, 2603, 4378, 825, 508, 6697, 530, 1537, 8708, 5043, 6586, 5521, 1936, 8012, 4931, 194, 2003, 9414, 5530, 3467, 4376, 9558, 4182, 9071, 93, 7830, 5288, 8024, 6341, 8936, 5734, 8069, 749, 9976, 8557, 8737, 8019, 3197, 993, 9611, 6417, 552, 1673, 7364, 7405

Level 6: 40 seeds
8469, 804, 8016, 8077, 6342, 395, 14, 2474, 9402, 5371, 5643, 7922, 559, 412, 9107, 6139, 747, 3609, 3945, 6909, 8864, 9332, 8079, 7557, 5924, 1044, 9909, 3432, 7471, 3545, 8339, 8473, 4615, 1174, 314, 5174, 5989, 191, 7963, 5756

Level 7: 20 seeds
8347, 4411, 3990, 2270, 5800, 200, 1307, 2838, 4713, 1726, 8407, 5391, 308, 5032, 5850, 4042, 4770, 1351, 8994, 4918

Level 8: 10 seeds
2841, 5259, 6755, 8699, 1899, 885, 4878, 9785, 6798, 3092

Level 9: 5 seeds
8058, 8335, 3480, 9973, 8580

Level 10: 3 seeds
9373, 3328, 9592

